
|| Sr No||S3 File Size (MiB) || S3 Disk use (KiB)|| File Name || Lambda Invoke Result || Lambda Memory (MiB) || No of spans in file ||
|1|108.158|113411656|f79c0ab73bf34b6688af13597728a7f7/2022-09-22/10/Raw_4.parquet|NA|1024|NA|
|2|129.729|136030493|f79c0ab73bf34b6688af13597728a7f7/2022-09-22/09/Raw_2.parquet|NA|1024|NA|
|3|130.312|136642240|f79c0ab73bf34b6688af13597728a7f7/2022-09-22/09/Raw_3.parquet|NA|1024|NA|
|4|133.298|139773026|f79c0ab73bf34b6688af13597728a7f7/2022-09-22/09/Raw_4.parquet|NA|1024|NA|
|5|206.904|216954111|f79c0ab73bf34b6688af13597728a7f7/2022-09-22/10/Raw_3.parquet|NA|1024|NA|
|6|429.112|449956077|f79c0ab73bf34b6688af13597728a7f7/2022-09-22/06/Raw_1.parquet|NA|1024|NA|
|7|429.174|450022012|f79c0ab73bf34b6688af13597728a7f7/2022-09-22/06/Raw_2.parquet|NA|1024|NA|
|8|429.227|450076855|f79c0ab73bf34b6688af13597728a7f7/2022-09-22/06/Raw_3.parquet|NA|1024|NA|
|9|468.042|490778038|f79c0ab73bf34b6688af13597728a7f7/2022-09-22/06/Raw_4.parquet|NA|1024|NA|
|10|500.024|524313363|f79c0ab73bf34b6688af13597728a7f7/2022-09-22/07/Raw_2.parquet|NA|1024|NA|
|11|549.463|576154029|f79c0ab73bf34b6688af13597728a7f7/2022-09-22/09/Raw_1.parquet|NA|1024|NA|
|12|559.607|586790569|f79c0ab73bf34b6688af13597728a7f7/2022-09-22/07/Raw_1.parquet|NA|1024|NA|
|13|573.286|601134323|f79c0ab73bf34b6688af13597728a7f7/2022-09-22/10/Raw_1.parquet|NA|1024|NA|
|14|577.638|605696924|f79c0ab73bf34b6688af13597728a7f7/2022-09-22/10/Raw_2.parquet|NA|1024|NA|
|15|579.897|608066531|f79c0ab73bf34b6688af13597728a7f7/2022-09-22/07/Raw_3.parquet|NA|1024|NA|
|16|659.088|691103535|f79c0ab73bf34b6688af13597728a7f7/2022-09-22/08/Raw_1.parquet|NA|1024|NA|
|17|702.045|736148045|f79c0ab73bf34b6688af13597728a7f7/2022-09-22/08/Raw_2.parquet|NA|1024|NA|
|18|702.351|736468790|f79c0ab73bf34b6688af13597728a7f7/2022-09-22/07/Raw_4.parquet|NA|1024|NA|
|19|702.618|736747956|f79c0ab73bf34b6688af13597728a7f7/2022-09-22/08/Raw_3.parquet|NA|1024|NA|
|20|702.756|736893417|f79c0ab73bf34b6688af13597728a7f7/2022-09-22/08/Raw_4.parquet|NA|1024|NA|
